(0.3926, 0.5235, 0.5235) = 1.94945
(0.3926, 0.5235, 0.4235) = 1.67513
(0.3926, 0.5235, 0.4000) = 1.52019
(0.3926, 0.5235, 0.3500) = 1.47612
(0.3926, 0.5235, 0.3000) = 1.42011
(0.3926, 0.5235, 0.2500) = 1.38007
(0.3926, 0.5000, 0.5235) = 1.77571
(0.3926, 0.4500, 0.5235) = 1.65862
(0.3926, 0.4000, 0.5235) = 1.56571
(0.3926, 0.3500, 0.5235) = 1.46317
(0.3926, 0.3000, 0.5235) = 1.30683
(0.3926, 0.2500, 0.5235) = 1.23825
(0.3926, 0.2000, 0.5235) = 1.25014
(0.3900, 0.5235, 0.5235) = 1.83007
(0.3500, 0.5235, 0.5235) = 1.78638
(0.3000, 0.5235, 0.5235) = 1.69774
(0.2500, 0.5235, 0.5235) = 1.51587
(0.2000, 0.5235, 0.5235) = 1.38623
(0.3000, 0.5000, 0.4500) = 1.56612
(0.3000, 0.4000, 0.4500) = 1.44399
(0.3400, 0.4200, 0.4200) = 1.43849
(0.3600, 0.3000, 0.5000) = 1.32461
(0.3926, 0.5235, 0.5135) = 2.02142
(0.3926, 0.5235, 0.5035) = 2.01295
(0.3926, 0.5235, 0.4935) = 1.89865
(0.3926, 0.5235, 0.4835) = 1.82245
(0.3926, 0.5235, 0.4735) = 1.81822
(0.3926, 0.5235, 0.4635) = 1.72932
(0.3926, 0.5235, 0.4535) = 1.71238
(0.3926, 0.5235, 0.4435) = 1.63618
(0.3926, 0.5235, 0.4335) = 1.59385
(0.3926, 0.5235, 0.3900) = 1.56845
(0.3926, 0.5235, 0.3800) = 1.58962
(0.3926, 0.5235, 0.3700) = 1.54728
(0.3926, 0.5235, 0.3600) = 1.51765
(0.3800, 0.5235, 0.5235) = 1.94945
(0.3700, 0.5235, 0.5235) = 1.94098
(0.3600, 0.5235, 0.5235) = 1.91558
(0.3400, 0.5235, 0.5235) = 1.84785
(0.3300, 0.5235, 0.5235) = 1.83515
(0.3200, 0.5235, 0.5235) = 1.81822
(0.3100, 0.5235, 0.5235) = 1.80975
(0.2900, 0.5235, 0.5235) = 1.75048
(0.2800, 0.5235, 0.5235) = 1.75810
(0.2700, 0.5235, 0.5235) = 1.73355
(0.2600, 0.5235, 0.5235) = 1.69545
(0.2400, 0.5235, 0.5235) = 1.61925
(0.2300, 0.5235, 0.5235) = 1.54728
(0.2200, 0.5235, 0.5235) = 1.51765
(0.2100, 0.5235, 0.5235) = 1.49225
(0.1900, 0.5235, 0.5235) = 1.42875
(0.1800, 0.5235, 0.5235) = 1.40335
(0.1700, 0.5235, 0.5235) = 1.37795
(0.1600, 0.5235, 0.5235) = 1.35255
(0.1500, 0.5235, 0.5235) = 1.31445
(0.1400, 0.5235, 0.5235) = 1.28905
(0.1300, 0.5235, 0.5235) = 1.26365
(0.1200, 0.5235, 0.5235) = 1.23825
(0.1100, 0.5235, 0.5235) = 1.20650
(0.1000, 0.5235, 0.5235) = 1.20015


