(0.3926, 0.5235, 0.5235) = 1.94945
(0.3926, 0.5235, 0.4235) = 1.67513
(0.3926, 0.5235, 0.4000) = 1.52019
(0.3926, 0.5235, 0.3500) = 1.47612
(0.3926, 0.5235, 0.3000) = 1.42011
(0.3926, 0.5235, 0.2500) = 1.38007
(0.3926, 0.5000, 0.5235) = 1.77571
(0.3926, 0.4500, 0.5235) = 1.65862
(0.3926, 0.4000, 0.5235) = 1.56571
(0.3926, 0.3500, 0.5235) = 1.46317
(0.3926, 0.3000, 0.5235) = 1.30683
(0.3926, 0.2500, 0.5235) = 1.23825
(0.3900, 0.5235, 0.5235) = 1.83007
(0.3500, 0.5235, 0.5235) = 1.78638
(0.3000, 0.5235, 0.5235) = 1.69774
(0.2500, 0.5235, 0.5235) = 1.51587
(0.2000, 0.5235, 0.5235) = 1.38623
(0.3000, 0.5000, 0.4500) = 1.56612
(0.3000, 0.4000, 0.4500) = 1.44399
(0.3400, 0.4200, 0.4200) = 1.43849
(0.3600, 0.3000, 0.5000) = 1.32461
